load 31.24462890625
301 11457.839111328125
302 7193.48681640625
303 6586.678955078125
304 6550.501708984375
305 6880.78662109375
306 6833.363525390625
307 7285.67578125
308 6549.78662109375
309 6720.24072265625
310 6884.61767578125
311 7265.155029296875
312 6529.751708984375
313 6545.1064453125
314 6673.295654296875
315 6772.110107421875
316 6518.617919921875
317 6596.264892578125
318 7378.75732421875
319 7277.59228515625
320 6629.7529296875
321 6861.81005859375
322 7343.340576171875
323 6726.091552734375
324 7229.173828125
325 6535.720458984375
326 6628.014892578125
327 6733.26416015625
328 6539.826416015625
329 6952.650634765625
330 6890.44384765625
331 7468.69091796875
332 7007.23486328125
333 6617.0029296875
334 7208.54541015625
335 7008.57666015625
336 7014.189208984375
337 6571.963623046875
338 6911.389892578125
339 6884.338623046875
340 6980.426513671875
341 7158.760009765625
342 6768.264892578125
343 6911.603515625
344 6747.036865234375
345 7140.207763671875
346 7051.515869140625
347 6624.173095703125
348 6591.53173828125
349 6581.33447265625
350 7018.273193359375
351 6809.395751953125
352 7020.33056640625
353 6723.161865234375
354 6960.63134765625
355 6911.94873046875
356 6826.187255859375
357 7046.265625
358 6816.080322265625
359 7084.1943359375
360 7163.9775390625
361 6784.987060546875
362 6838.237548828125
363 6982.63134765625
364 6620.257568359375
365 6669.47412109375
366 6950.1337890625
367 6588.79638671875
368 6649.08984375
369 6631.646240234375
370 7237.822265625
371 7039.247802734375
372 7002.236572265625
373 7064.697265625
374 6709.274169921875
375 6860.951904296875
376 7366.342041015625
377 6716.07666015625
378 6855.39013671875
379 6628.52978515625
380 6932.1708984375
381 6869.242919921875
382 6824.335693359375
383 6931.666015625
384 6940.00732421875
385 7020.501220703125
386 6846.227294921875
387 6822.823974609375
388 7117.79296875
389 7048.54345703125
390 6819.88916015625
391 7303.638671875
392 6653.021484375
393 6837.93994140625
394 7296.046630859375
395 6673.271484375
396 7092.281005859375
397 6762.505859375
398 6929.87548828125
399 6662.118896484375
400 6749.07275390625
401 7314.7392578125
402 6707.322021484375
403 6647.7314453125
404 7217.36962890625
405 6918.255126953125
406 6773.9765625
407 6814.3798828125
408 6619.630126953125
409 6992.9365234375
410 7071.94873046875
411 6690.306396484375
412 7280.688232421875
413 7234.024169921875
414 6992.352783203125
415 6887.64306640625
416 7077.506103515625
417 6713.34033203125
418 6862.3994140625
419 6781.591552734375
420 6756.523681640625
421 7448.917724609375
422 6916.269287109375
423 6677.4208984375
424 6672.255126953125
425 7101.8515625
426 7156.78173828125
427 6959.26513671875
428 7281.285888671875
429 6741.07568359375
430 6885.87744140625
431 6936.7685546875
432 6972.156494140625
433 6728.7607421875
434 7064.199462890625
435 7162.85791015625
436 6805.93408203125
437 7041.493408203125
438 7283.781494140625
439 6853.74755859375
440 6901.566650390625
441 6724.968994140625
442 7164.654296875
443 7163.054931640625
444 6707.99951171875
445 6849.482421875
446 6852.486572265625
447 6931.162109375
448 7127.893310546875
449 6651.88134765625
450 6942.84912109375
601 7058.25146484375
602 6750.839599609375
603 6789.832275390625
604 6728.93603515625
605 7374.142333984375
606 6872.518798828125
607 7009.7685546875
608 7469.159423828125
609 6815.812744140625
610 7152.127197265625
611 6975.292724609375
612 6822.623779296875
613 7005.52001953125
614 6662.8564453125
615 7031.38916015625
616 6803.622802734375
617 7137.43505859375
618 6851.212890625
619 6761.72265625
620 7197.50732421875
621 7010.871826171875
622 7229.411376953125
623 6993.13916015625
624 7057.964599609375
625 6898.120849609375
626 6882.564208984375
627 7165.48583984375
628 6735.25146484375
629 6948.246337890625
630 7045.500732421875
631 7446.6630859375
632 6986.8232421875
633 6656.772216796875
634 6848.16357421875
635 7045.71044921875
636 6961.005859375
637 7109.753173828125
638 6828.7001953125
639 7312.33056640625
640 7367.303955078125
641 7108.446533203125
642 6906.213623046875
643 6904.943603515625
644 7228.175537109375
645 6724.712158203125
646 7328.80419921875
647 6902.629638671875
648 7378.31005859375
649 6834.5224609375
650 7043.309814453125
651 6937.339599609375
652 6551.319580078125
653 6435.07763671875
654 6702.90966796875
655 6662.148193359375
656 6994.567626953125
657 6788.27734375
658 6420.5478515625
659 7078.7451171875
660 6996.95556640625
661 6968.3984375
662 7035.288330078125
663 6956.252197265625
664 7154.07080078125
665 6887.7177734375
666 7052.973876953125
667 6939.946533203125
668 6811.4638671875
669 6776.066650390625
670 7045.026123046875
671 7112.11669921875
672 6882.41455078125
673 6930.597412109375
674 6750.87841796875
675 6984.682373046875
676 6668.42236328125
677 6787.373779296875
678 7077.7197265625
679 7502.952880859375
680 7055.9306640625
681 7322.16064453125
682 6959.11962890625
683 6681.36376953125
684 8155.492431640625
685 6998.46484375
686 7088.460693359375
687 7464.861328125
688 6872.676025390625
689 7531.431640625
690 7148.47265625
691 7304.282958984375
692 6896.548583984375
693 7116.951416015625
694 6695.045654296875
695 7064.33447265625
696 6928.49267578125
697 7362.40576171875
698 7253.857177734375
699 7375.684326171875
700 7069.3212890625
