load 31.637939453125
301 2028.32177734375
302 712.23828125
303 604.5166015625
304 573.001220703125
305 578.485107421875
306 586.802734375
307 841.35302734375
308 507.85107421875
309 656.10302734375
310 715.31494140625
311 975.8330078125
312 510.207275390625
313 481.78125
314 594.984375
315 524.103515625
316 478.537353515625
317 562.1484375
318 856.7978515625
319 772.5595703125
320 572.80712890625
321 570.14208984375
322 734.92626953125
323 547.712646484375
324 744.49072265625
325 566.354736328125
326 497.98779296875
327 531.739990234375
328 467.962646484375
329 571.417724609375
330 554.41552734375
331 775.834716796875
332 609.78076171875
333 483.9013671875
334 654.38427734375
335 600.750244140625
336 605.979248046875
337 477.35595703125
338 608.319091796875
339 629.62109375
340 689.384033203125
341 654.904541015625
342 543.996337890625
343 565.806884765625
344 515.335205078125
345 668.3212890625
346 602.23583984375
347 482.427001953125
348 466.9833984375
349 466.053955078125
350 602.015869140625
351 519.8427734375
352 588.1591796875
353 544.66259765625
354 552.450439453125
355 538.650390625
356 530.5
357 602.201904296875
358 509.47607421875
359 611.31884765625
360 629.955322265625
361 492.436279296875
362 523.531005859375
363 550.81298828125
364 470.345458984375
365 521.7177734375
366 540.539794921875
367 471.3720703125
368 481.035888671875
369 468.013427734375
370 659.65478515625
371 574.83642578125
372 583.85546875
373 588.2041015625
374 543.20703125
375 531.191650390625
376 710.18212890625
377 481.69921875
378 536.088623046875
379 494.719482421875
380 553.0517578125
381 552.682373046875
382 539.315673828125
383 593.7216796875
384 572.3154296875
385 558.361572265625
386 545.765869140625
387 505.86669921875
388 600.609619140625
389 605.962646484375
390 519.177001953125
391 659.717041015625
392 470.382568359375
393 522.939453125
394 706.395263671875
395 477.00927734375
396 586.021240234375
397 550.397705078125
398 575.60595703125
399 485.899658203125
400 533.801025390625
401 715.218994140625
402 480.504150390625
403 465.889892578125
404 644.4580078125
405 531.9658203125
406 490.380859375
407 535.8974609375
408 481.1689453125
409 542.757080078125
410 574.630126953125
411 475.998779296875
412 628.892578125
413 638.6767578125
414 535.608642578125
415 530.094970703125
416 574.130859375
417 479.88720703125
418 529.0107421875
419 544.075439453125
420 492.794189453125
421 826.72705078125
422 536.865966796875
423 470.893798828125
424 490.008544921875
425 569.43212890625
426 609.521728515625
427 545.01123046875
428 655.120361328125
429 484.826416015625
430 533.124267578125
431 539.905517578125
432 557.0244140625
433 492.2626953125
434 570.62451171875
435 596.04736328125
436 512.541748046875
437 563.9150390625
438 650.1240234375
439 516.072265625
440 530.357666015625
441 497.25146484375
442 647.629150390625
443 657.709716796875
444 481.830810546875
445 514.361328125
446 537.79150390625
447 531.30712890625
448 599.618896484375
449 544.440185546875
450 578.0615234375
601 562.885498046875
602 521.3935546875
603 547.470703125
604 500.203857421875
605 734.97607421875
606 560.6376953125
607 575.83544921875
608 738.572509765625
609 532.99365234375
610 606.191650390625
611 609.7578125
612 534.14208984375
613 546.2822265625
614 475.4501953125
615 578.242431640625
616 533.960205078125
617 600.4404296875
618 516.673828125
619 483.1953125
620 599.30419921875
621 556.455810546875
622 634.31494140625
623 545.11865234375
624 579.6416015625
625 533.956787109375
626 540.42138671875
627 622.896240234375
628 503.780517578125
629 560.636474609375
630 586.57470703125
631 754.239501953125
632 566.68701171875
633 472.026123046875
634 518.13232421875
635 575.736328125
636 540.742431640625
637 626.866455078125
638 533.765380859375
639 671.875732421875
640 714.3818359375
641 607.005126953125
642 545.392822265625
643 539.855712890625
644 654.81884765625
645 495.6142578125
646 715.65673828125
647 541.701904296875
648 721.787841796875
649 532.689697265625
650 595.242431640625
651 547.440185546875
652 498.903564453125
653 504.19140625
654 561.23095703125
655 561.41650390625
656 656.33837890625
657 579.919677734375
658 486.75537109375
659 607.49072265625
660 588.4736328125
661 565.130859375
662 595.39453125
663 574.62451171875
664 608.423828125
665 542.27001953125
666 574.21240234375
667 559.5556640625
668 556.50244140625
669 527.186279296875
670 582.729736328125
671 608.345458984375
672 537.961181640625
673 559.966064453125
674 512.658203125
675 569.255615234375
676 497.1728515625
677 511.659912109375
678 605.890869140625
679 766.988525390625
680 602.532958984375
681 679.64111328125
682 626.77587890625
683 490.3408203125
684 1282.05029296875
685 564.156494140625
686 602.373779296875
687 815.493896484375
688 535.444091796875
689 772.322509765625
690 605.38623046875
691 676.146240234375
692 565.278076171875
693 585.93017578125
694 498.984130859375
695 582.611572265625
696 560.051513671875
697 711.4013671875
698 654.099853515625
699 715.795654296875
700 586.027099609375
