load 226.812744140625
301 95429.16430664062
302 756.73828125
303 643.300048828125
304 563.280517578125
305 650.7314453125
306 644.262451171875
307 838.2255859375
308 581.429443359375
309 541.431396484375
310 673.043212890625
311 785.75146484375
312 474.455078125
313 491.424072265625
314 536.144287109375
315 516.22509765625
316 485.22412109375
317 483.7587890625
318 822.173828125
319 763.2109375
320 543.23095703125
321 585.661865234375
322 773.611572265625
323 549.075439453125
324 691.95458984375
325 481.891357421875
326 485.9951171875
327 542.380126953125
328 470.0751953125
329 585.30810546875
330 573.94287109375
331 802.3486328125
332 622.76220703125
333 493.838134765625
334 659.5693359375
335 653.525390625
336 700.902099609375
337 483.622802734375
338 560.74560546875
339 545.6728515625
340 618.103759765625
341 672.330810546875
342 607.552001953125
343 613.04736328125
344 523.643798828125
345 604.276123046875
346 600.3447265625
347 487.055908203125
348 469.41845703125
349 473.2275390625
350 588.48681640625
351 520.96337890625
352 591.84228515625
353 616.951904296875
354 565.904052734375
355 541.20458984375
356 528.310302734375
357 605.22998046875
358 543.438232421875
359 614.069580078125
360 642.71337890625
361 501.240478515625
362 531.039306640625
363 558.3095703125
364 472.709716796875
365 535.73828125
366 550.931396484375
367 475.1591796875
368 488.108154296875
369 470.279541015625
370 654.30615234375
371 589.998046875
372 596.099853515625
373 583.10498046875
374 543.4013671875
375 542.036865234375
376 738.69482421875
377 500.169921875
378 580.21923828125
379 481.441162109375
380 532.7041015625
381 540.64599609375
382 550.552001953125
383 584.563232421875
384 588.762451171875
385 557.799072265625
386 545.979736328125
387 546.03125
388 602.0341796875
389 597.136962890625
390 535.921142578125
391 667.385009765625
392 477.25927734375
393 529.1982421875
394 750.85302734375
395 481.642333984375
396 590.23876953125
397 541.336181640625
398 611.563232421875
399 482.83740234375
400 536.761474609375
401 708.33544921875
402 502.298828125
403 470.77197265625
404 689.5595703125
405 544.13623046875
406 516.626708984375
407 556.71484375
408 486.770263671875
409 573.678955078125
410 585.13330078125
411 482.978759765625
412 640.513427734375
413 643.361083984375
414 537.635498046875
415 532.065673828125
416 573.366455078125
417 489.2939453125
418 540.59765625
419 547.08056640625
420 488.97900390625
421 789.481201171875
422 540.9482421875
423 476.67041015625
424 477.56982421875
425 568.079345703125
426 633.781982421875
427 551.6064453125
428 661.056640625
429 487.010498046875
430 532.242919921875
431 539.868408203125
432 562.063720703125
433 492.08740234375
434 565.779296875
435 600.493408203125
436 526.942626953125
437 560.931640625
438 653.444091796875
439 524.640380859375
440 530.49462890625
441 484.911865234375
442 600.186279296875
443 633.9130859375
444 480.0654296875
445 522.074462890625
446 528.0185546875
447 538.675537109375
448 593.210693359375
449 476.802978515625
450 551.78173828125
601 561.755126953125
602 527.30908203125
603 543.065673828125
604 489.752197265625
605 686.18359375
606 519.73486328125
607 585.204833984375
608 747.3408203125
609 543.445068359375
610 595.090087890625
611 573.90185546875
612 527.9375
613 548.555908203125
614 475.65576171875
615 578.0810546875
616 499.025390625
617 605.2197265625
618 520.452880859375
619 490.56884765625
620 608.745849609375
621 553.671630859375
622 634.736083984375
623 544.98779296875
624 589.93408203125
625 530.65185546875
626 537.906005859375
627 612.828857421875
628 486.087158203125
629 537.8896484375
630 565.1396484375
631 744.8564453125
632 564.556884765625
633 478.6044921875
634 517.796875
635 574.36474609375
636 556.9384765625
637 598.697021484375
638 524.1259765625
639 652.124755859375
640 682.699951171875
641 592.467529296875
642 531.17236328125
643 528.41845703125
644 627.489013671875
645 487.821044921875
646 697.539794921875
647 522.481689453125
648 705.29248046875
649 518.677978515625
650 580.857666015625
651 564.88134765625
652 475.529296875
653 490.95703125
654 549.441162109375
655 551.460205078125
656 652.61328125
657 569.03857421875
658 478.416748046875
659 577.695556640625
660 566.601806640625
661 550.596923828125
662 568.9443359375
663 563.308837890625
664 598.921142578125
665 521.937255859375
666 558.33642578125
667 541.462890625
668 548.453857421875
669 519.17919921875
670 560.149658203125
671 593.462890625
672 535.605224609375
673 546.585205078125
674 488.76806640625
675 547.341796875
676 490.273193359375
677 489.7470703125
678 588.298583984375
679 756.20556640625
680 581.160400390625
681 667.827880859375
682 599.422119140625
683 475.822509765625
684 1287.011962890625
685 582.91162109375
686 607.70263671875
687 798.384765625
688 536.750732421875
689 758.798828125
690 590.874755859375
691 656.11279296875
692 545.37451171875
693 578.5947265625
694 484.6669921875
695 577.57470703125
696 541.8408203125
697 720.0244140625
698 633.338623046875
699 688.7236328125
700 581.37451171875
