load 33.119384765625
301 15390.274169921875
302 2136.045166015625
303 2283.6533203125
304 966.673828125
305 2109.991455078125
306 1959.5078125
307 7430.5791015625
308 875.380859375
309 1010.882080078125
310 2476.226806640625
311 8373.060791015625
312 846.039794921875
313 825.8505859375
314 966.648681640625
315 1135.34716796875
316 840.224609375
317 844.76123046875
318 9679.04052734375
319 7629.07421875
320 915.138916015625
321 2301.019287109375
322 7082.033203125
323 938.108154296875
324 4984.05517578125
325 867.7568359375
326 839.75390625
327 1026.54833984375
328 826.644775390625
329 2408.330810546875
330 2171.54736328125
331 8072.267333984375
332 3721.719970703125
333 863.39013671875
334 4247.38623046875
335 2321.908447265625
336 2957.381591796875
337 836.62744140625
338 1503.6298828125
339 1800.116943359375
340 2716.512939453125
341 4136.94091796875
342 1076.2099609375
343 2308.716064453125
344 1253.009033203125
345 3501.361572265625
346 3191.272705078125
347 876.725341796875
348 831.796630859375
349 824.4560546875
350 2862.885009765625
351 1163.1328125
352 3271.146484375
353 882.25048828125
354 1876.3037109375
355 1632.03759765625
356 1428.64013671875
357 3099.22900390625
358 1078.8095703125
359 3405.974853515625
360 4186.095703125
361 874.7685546875
362 1478.8505859375
363 1970.343994140625
364 849.526611328125
365 862.351806640625
366 1896.056884765625
367 861.5009765625
368 829.35107421875
369 821.374755859375
370 4453.619140625
371 2630.916748046875
372 2764.3212890625
373 2717.62939453125
374 1001.453857421875
375 1380.932861328125
376 5774.18701171875
377 845.24755859375
378 1606.65185546875
379 865.554443359375
380 1643.814208984375
381 1531.081298828125
382 1189.805908203125
383 1828.1162109375
384 2033.724609375
385 2174.333251953125
386 1738.60009765625
387 997.53173828125
388 3130.33837890625
389 2813.707763671875
390 1218.619873046875
391 4669.40869140625
392 872.797607421875
393 1384.186767578125
394 5927.96875
395 885.596923828125
396 3010.336181640625
397 1119.7255859375
398 2652.96240234375
399 879.945068359375
400 907.32275390625
401 5745.80908203125
402 879.274169921875
403 846.21875
404 4312.166259765625
405 1636.027099609375
406 830.5068359375
407 979.850830078125
408 833.07861328125
409 1933.829833984375
410 2656.144287109375
411 845.2802734375
412 4119.59716796875
413 4171.712158203125
414 1793.53076171875
415 1448.5927734375
416 2334.62451171875
417 861.97265625
418 1688.630126953125
419 934.376953125
420 815.876220703125
421 9175.64990234375
422 1722.492431640625
423 887.041748046875
424 839.6201171875
425 2470.221435546875
426 3396.5576171875
427 1904.259033203125
428 4709.19384765625
429 888.037109375
430 1617.073974609375
431 1575.472900390625
432 2041.60498046875
433 854.26416015625
434 2304.142822265625
435 3123.75634765625
436 1052.478759765625
437 2238.460693359375
438 4341.174072265625
439 1148.8828125
440 1378.96630859375
441 830.446533203125
442 3191.119384765625
443 3658.9853515625
444 861.592041015625
445 1172.41259765625
446 1030.547119140625
447 1498.450927734375
448 2799.017822265625
449 861.48876953125
450 2124.728271484375
601 2168.031005859375
602 874.46728515625
603 839.834716796875
604 829.281005859375
605 5240.927734375
606 1260.095703125
607 2583.376220703125
608 7300.721435546875
609 1012.871337890625
610 2949.59375
611 2047.236328125
612 1075.4970703125
613 1841.146728515625
614 863.0849609375
615 2707.087158203125
616 933.996337890625
617 3402.653076171875
618 1261.602783203125
619 836.216552734375
620 3348.432861328125
621 2115.394287109375
622 3999.22265625
623 1885.682861328125
624 2501.88916015625
625 1376.1142578125
626 1401.837646484375
627 3495.732177734375
628 867.290771484375
629 1781.9052734375
630 2214.578369140625
631 7454.781982421875
632 2479.515380859375
633 853.2958984375
634 1224.136962890625
635 2475.92724609375
636 1681.664794921875
637 2994.698974609375
638 1302.828125
639 4305.75
640 5319.472900390625
641 2770.418701171875
642 1534.462890625
643 1276.644287109375
644 3861.135986328125
645 863.92333984375
646 5259.197265625
647 1284.48291015625
648 5665.49755859375
649 1208.312255859375
650 2553.66357421875
651 1590.284912109375
652 849.938720703125
653 838.3515625
654 1870.14697265625
655 1918.196044921875
656 4181.90966796875
657 2305.784423828125
658 861.363037109375
659 2681.993408203125
660 2312.242431640625
661 2018.147216796875
662 2226.015380859375
663 2194.33154296875
664 2981.77197265625
665 1385.702392578125
666 2224.19189453125
667 1719.702392578125
668 891.605224609375
669 921.305419921875
670 2311.29736328125
671 2932.48388671875
672 1220.512939453125
673 1718.3896484375
674 869.15185546875
675 1818.214599609375
676 863.70849609375
677 837.89501953125
678 2905.556884765625
679 6996.680419921875
680 2602.8076171875
681 4188.75634765625
682 3002.631591796875
683 860.622802734375
684 22757.94140625
685 1774.04931640625
686 3035.164794921875
687 9308.629638671875
688 1335.22314453125
689 7462.38671875
690 2863.3203125
691 4654.60400390625
692 1506.730712890625
693 2607.171630859375
694 876.223876953125
695 2424.480224609375
696 1740.803955078125
697 5267.9765625
698 3933.3232421875
699 5299.1572265625
700 2554.428466796875
