load 33.239990234375
301 15444.9189453125
302 2282.833740234375
303 2088.591796875
304 880.275390625
305 2014.49560546875
306 1976.615234375
307 7611.72998046875
308 880.31591796875
309 1033.268798828125
310 2464.658203125
311 8141.3583984375
312 883.7978515625
313 839.189697265625
314 972.86376953125
315 1153.986328125
316 874.500732421875
317 862.96435546875
318 9499.660888671875
319 7621.77001953125
320 972.681884765625
321 2370.633056640625
322 7244.095703125
323 928.500244140625
324 4840.174072265625
325 852.3505859375
326 841.89697265625
327 1028.515380859375
328 830.1474609375
329 2454.32421875
330 2147.40576171875
331 8050.1103515625
332 3781.448974609375
333 870.6005859375
334 4346.906494140625
335 2329.68603515625
336 2980.80419921875
337 898.04638671875
338 1517.376953125
339 1775.16357421875
340 2638.779052734375
341 4238.678955078125
342 1097.067138671875
343 2372.129638671875
344 1243.278076171875
345 3451.56494140625
346 3166.556884765625
347 846.882080078125
348 837.73828125
349 838.960693359375
350 2863.025146484375
351 1112.380615234375
352 3140.1162109375
353 843.1015625
354 1896.100830078125
355 1609.7646484375
356 1388.5029296875
357 3074.15087890625
358 1067.40869140625
359 3303.1015625
360 4017.481201171875
361 886.671875
362 1487.3701171875
363 1957.2197265625
364 878.6083984375
365 909.5986328125
366 1940.140869140625
367 852.380126953125
368 864.329345703125
369 820.869384765625
370 4401.23974609375
371 2671.039306640625
372 2677.398681640625
373 2748.015625
374 1039.72412109375
375 1434.881591796875
376 5581.167724609375
377 890.36181640625
378 1588.131591796875
379 875.731201171875
380 1624.461669921875
381 1559.216796875
382 1187.16943359375
383 1796.18603515625
384 2020.23779296875
385 2185.40625
386 1731.918701171875
387 1006.696044921875
388 3167.593505859375
389 2831.539306640625
390 1195.225341796875
391 4743.273681640625
392 847.31591796875
393 1373.584228515625
394 5903.031982421875
395 861.526611328125
396 2974.31494140625
397 1097.10791015625
398 2693.25048828125
399 844.43505859375
400 883.54833984375
401 5766.4091796875
402 907.72802734375
403 823.16357421875
404 4381.15478515625
405 1658.175537109375
406 833.8642578125
407 1041.03759765625
408 842.866943359375
409 1898.490234375
410 2782.13525390625
411 865.814453125
412 4093.152587890625
413 4303.929931640625
414 1808.178466796875
415 1455.27001953125
416 2375.55810546875
417 852.216552734375
418 1653.2607421875
419 957.6416015625
420 851.465087890625
421 9110.009521484375
422 1732.629150390625
423 855.552978515625
424 832.256591796875
425 2475.2841796875
426 3411.839599609375
427 1908.00390625
428 4647.2216796875
429 837.552490234375
430 1581.845703125
431 1573.57177734375
432 2059.39453125
433 840.982666015625
434 2290.256103515625
435 3111.99169921875
436 1085.63427734375
437 2227.458251953125
438 4300.963134765625
439 1144.90185546875
440 1380.001220703125
441 854.689208984375
442 3161.772216796875
443 3640.15478515625
444 879.001708984375
445 1194.759521484375
446 1031.36572265625
447 1562.873046875
448 2898.986572265625
449 904.636962890625
450 2108.62646484375
601 2160.7265625
602 917.9755859375
603 850.33837890625
604 865.32666015625
605 5285.740478515625
606 1322.959228515625
607 2571.14111328125
608 7676.611083984375
609 1055.09814453125
610 3078.099609375
611 2073.393798828125
612 1064.380859375
613 1821.875732421875
614 837.808837890625
615 2747.694091796875
616 914.660888671875
617 3395.863037109375
618 1276.99462890625
619 823.661865234375
620 3354.2294921875
621 2120.570068359375
622 3966.810546875
623 1824.981201171875
624 2499.708251953125
625 1350.895751953125
626 1373.492431640625
627 3485.386962890625
628 859.246337890625
629 1784.615478515625
630 2311.850830078125
631 7345.265625
632 2548.808837890625
633 863.5927734375
634 1235.51025390625
635 2444.59423828125
636 1742.356689453125
637 2953.67626953125
638 1362.025390625
639 4333.27197265625
640 5377.537353515625
641 2868.4814453125
642 1513.52392578125
643 1287.14990234375
644 3855.01953125
645 869.99560546875
646 5339.1552734375
647 1297.73046875
648 5833.440673828125
649 1229.385498046875
650 2581.2724609375
651 1589.797119140625
652 826.683349609375
653 827.357177734375
654 1878.819580078125
655 1935.4638671875
656 4116.064453125
657 2280.765625
658 857.9931640625
659 2676.6240234375
660 2329.7158203125
661 2005.927001953125
662 2189.747314453125
663 2177.015869140625
664 2961.969970703125
665 1342.544189453125
666 2221.694091796875
667 1775.961181640625
668 936.8935546875
669 941.422119140625
670 2265.145751953125
671 2929.16845703125
672 1275.97900390625
673 1775.457763671875
674 875.861083984375
675 1845.50927734375
676 860.547119140625
677 846.259765625
678 2871.021728515625
679 6991.152099609375
680 2694.17138671875
681 4316.8193359375
682 3047.399658203125
683 855.140380859375
684 22726.82373046875
685 1807.648681640625
686 3002.719970703125
687 8860.230712890625
688 1238.03466796875
689 7211.546875
690 2813.693115234375
691 4693.894775390625
692 1547.3203125
693 2670.129150390625
694 876.495361328125
695 2414.446533203125
696 1730.388427734375
697 5337.416259765625
698 4027.881591796875
699 5309.39501953125
700 2614.94921875
