load 47.08154296875
301 26179.9091796875
302 24101.100341796875
303 5617.18359375
304 4240.011474609375
305 10195.47216796875
306 5434.7802734375
307 15483.003662109375
308 3965.120849609375
309 23083.55908203125
310 24428.23974609375
311 7696.376220703125
312 3943.26318359375
313 3956.933837890625
314 4560.432373046875
315 4694.490966796875
316 3872.398681640625
317 3990.546142578125
318 11055.4677734375
319 15887.02197265625
320 4535.30126953125
321 24579.445556640625
322 10543.479736328125
323 4615.24951171875
324 8693.8505859375
325 4283.974609375
326 4214.5908203125
327 4624.804931640625
328 4079.868408203125
329 6303.3291015625
330 5914.159423828125
331 12022.952880859375
332 7630.140869140625
333 4211.531494140625
334 7850.752197265625
335 6076.37060546875
336 6427.02294921875
337 3920.4921875
338 24236.380615234375
339 5812.364501953125
340 6461.77685546875
341 7877.626708984375
342 4534.215576171875
343 5959.844970703125
344 25449.385986328125
345 7006.096923828125
346 6858.8681640625
347 4006.737060546875
348 3835.838623046875
349 3863.522705078125
350 24897.63037109375
351 4626.234130859375
352 6689.632568359375
353 4333.52197265625
354 5542.14501953125
355 5237.553466796875
356 4802.34375
357 6816.965087890625
358 4564.5498046875
359 7113.434326171875
360 7824.128662109375
361 4113.18798828125
362 5183.03857421875
363 5679.935546875
364 3879.410888671875
365 4316.729248046875
366 10905.757080078125
367 4140.13037109375
368 22625.84423828125
369 4419.3662109375
370 8389.248779296875
371 6746.653564453125
372 6895.908203125
373 6714.182861328125
374 4421.42138671875
375 5160.9423828125
376 9501.352294921875
377 3997.6865234375
378 5110.36962890625
379 3925.354736328125
380 5459.118896484375
381 5275.25390625
382 4815.601806640625
383 5377.584716796875
384 5806.467529296875
385 5976.8583984375
386 5921.0439453125
387 4902.185546875
388 7245.22314453125
389 7040.9794921875
390 5293.2822265625
391 12139.346923828125
392 4160.144287109375
393 5186.743408203125
394 10100.810546875
395 4157.64599609375
396 6940.3759765625
397 4697.044921875
398 6261.071533203125
399 4298.308349609375
400 4606.2431640625
401 9571.662109375
402 4486.778564453125
403 4174.233154296875
404 8310.3359375
405 5541.421875
406 4392.5234375
407 4917.67431640625
408 4335.545166015625
409 7755.236572265625
410 6662.113525390625
411 4212.37451171875
412 8098.61669921875
413 8036.1728515625
414 5600.301025390625
415 5381.4169921875
416 10923.57373046875
417 4361.71337890625
418 5621.79296875
419 4645.29541015625
420 4400.65771484375
421 9114.42431640625
422 5639.395263671875
423 4260.73876953125
424 4257.52294921875
425 6433.637451171875
426 7658.171630859375
427 5869.748779296875
428 8438.539794921875
429 4315.087646484375
430 5281.771728515625
431 5378.62744140625
432 5765.671630859375
433 4270.593017578125
434 6083.76318359375
435 6938.29443359375
436 4774.859375
437 6120.41650390625
438 8267.294189453125
439 4932.47314453125
440 5411.913330078125
441 4404.76806640625
442 7337.92626953125
443 14049.096923828125
444 4378.3447265625
445 5155.985595703125
446 4808.90087890625
447 5365.045166015625
448 6497.646240234375
449 3906.035400390625
450 5713.4453125
601 5835.256591796875
602 4310.605224609375
603 4228.22216796875
604 4073.628662109375
605 9347.64111328125
606 4847.29638671875
607 6430.78369140625
608 11115.07470703125
609 9308.841064453125
610 6881.45849609375
611 5766.46875
612 4635.553955078125
613 5452.035400390625
614 3994.818359375
615 6187.428955078125
616 4519.708740234375
617 6950.30908203125
618 4742.837890625
619 4054.95068359375
620 6900.7138671875
621 24146.563720703125
622 7658.114990234375
623 5636.116943359375
624 6183.666015625
625 5017.497802734375
626 5233.6044921875
627 7217.21240234375
628 29430.337890625
629 5694.3798828125
630 6055.55419921875
631 10737.105224609375
632 5758.484130859375
633 3933.794677734375
634 6167.4501953125
635 6276.404052734375
636 5411.303955078125
637 6775.89453125
638 4942.450439453125
639 24002.984130859375
640 9432.750732421875
641 7037.05615234375
642 5321.792236328125
643 5147.544921875
644 7896.220458984375
645 4159.4306640625
646 9168.0986328125
647 5015.237548828125
648 9762.332275390625
649 4915.315673828125
650 6341.21044921875
651 11768.0625
652 3933.59033203125
653 4096.842529296875
654 8956.802978515625
655 5739.543701171875
656 7942.052001953125
657 6235.344970703125
658 4103.298095703125
659 6512.626220703125
660 6314.909912109375
661 6757.900390625
662 6087.83349609375
663 5882.759521484375
664 7115.755615234375
665 4996.735107421875
666 5916.00732421875
667 5181.142333984375
668 4369.35546875
669 4414.62158203125
670 12412.8447265625
671 6642.772216796875
672 4681.633544921875
673 5373.880126953125
674 4058.60546875
675 5658.397216796875
676 4029.752197265625
677 23218.97802734375
678 6997.575439453125
679 10752.172607421875
680 6619.59521484375
681 7933.90625
682 6580.521484375
683 3937.145751953125
684 21339.0673828125
685 5360.847900390625
686 6578.712158203125
687 8597.5634765625
688 12923.5419921875
689 11106.68310546875
690 6823.1865234375
691 8543.271484375
692 5325.95166015625
693 6260.34375
694 4107.833251953125
695 6279.35009765625
696 5346.99169921875
697 8953.790771484375
698 7365.19970703125
699 9016.315185546875
700 12551.5458984375
