load 25.093505859375
301 10674.0673828125
302 1600.984619140625
303 1944.951171875
304 1011.374755859375
305 1678.806396484375
306 1512.754638671875
307 4876.824462890625
308 934.566650390625
309 903.745849609375
310 1254.740966796875
311 3410.520751953125
312 895.541259765625
313 877.905517578125
314 914.754150390625
315 919.462158203125
316 911.01806640625
317 861.595703125
318 4173.107421875
319 4998.019287109375
320 901.074951171875
321 1695.78662109375
322 4780.781494140625
323 888.100830078125
324 3982.703369140625
325 883.4169921875
326 858.37939453125
327 943.1591796875
328 878.525390625
329 1691.326171875
330 1768.6396484375
331 6198.9580078125
332 3320.61669921875
333 895.84033203125
334 3540.093505859375
335 1858.364501953125
336 2128.4599609375
337 872.22119140625
338 1341.34033203125
339 1304.44140625
340 2041.20263671875
341 3192.655517578125
342 1021.49853515625
343 1489.843505859375
344 981.607421875
345 2901.252685546875
346 2465.378662109375
347 891.38134765625
348 874.42041015625
349 880.33984375
350 2119.917236328125
351 964.392333984375
352 3006.544921875
353 899.827392578125
354 1651.623046875
355 1208.990234375
356 1289.0615234375
357 2341.774169921875
358 900.45556640625
359 2771.8876953125
360 2982.903564453125
361 913.49658203125
362 1181.51904296875
363 1591.77490234375
364 874.19921875
365 897.4130859375
366 1409.15673828125
367 861.041748046875
368 853.41943359375
369 857.95703125
370 3142.30126953125
371 1973.347900390625
372 1685.26806640625
373 2270.180908203125
374 875.34130859375
375 1253.009521484375
376 3863.23828125
377 896.4521484375
378 1404.085693359375
379 876.398193359375
380 1184.572509765625
381 1297.26171875
382 1031.17138671875
383 1201.4013671875
384 1395.577880859375
385 1574.163330078125
386 1069.342529296875
387 907.529052734375
388 2252.6474609375
389 2234.742919921875
390 921.975341796875
391 3309.97119140625
392 888.0185546875
393 1016.300537109375
394 2035.987548828125
395 906.58154296875
396 2207.6162109375
397 912.13818359375
398 1970.50732421875
399 881.92431640625
400 855.205810546875
401 4392.62744140625
402 901.3125
403 880.717041015625
404 3354.368896484375
405 1268.1318359375
406 877.398193359375
407 894.065673828125
408 851.88720703125
409 1509.054931640625
410 2409.5556640625
411 890.374755859375
412 3179.123291015625
413 3268.454345703125
414 1607.65283203125
415 1016.8701171875
416 1864.52294921875
417 871.2978515625
418 1472.626708984375
419 913.954833984375
420 850.380126953125
421 4045.039794921875
422 1026.116455078125
423 851.277587890625
424 854.22021484375
425 1785.722412109375
426 2454.44482421875
427 1414.90869140625
428 3749.631103515625
429 870.037109375
430 1325.19677734375
431 1359.603271484375
432 1265.67431640625
433 872.03271484375
434 2053.9892578125
435 2635.006103515625
436 884.56689453125
437 1774.56640625
438 3663.44580078125
439 976.484130859375
440 971.292724609375
441 884.746337890625
442 2580.964599609375
443 2917.65576171875
444 868.13623046875
445 859.75244140625
446 910.967529296875
447 1309.8896484375
448 2323.768798828125
449 873.248779296875
450 1725.28857421875
601 1601.81689453125
602 891.024658203125
603 852.5859375
604 877.930908203125
605 3760.520263671875
606 972.638427734375
607 1510.671630859375
608 5696.421875
609 960.675048828125
610 2444.027587890625
611 1734.63720703125
612 931.734619140625
613 1370.727294921875
614 888.942626953125
615 1849.55712890625
616 904.03759765625
617 2923.69775390625
618 969.7900390625
619 865.73193359375
620 2689.11474609375
621 1422.345458984375
622 3272.8115234375
623 1475.70263671875
624 1721.297607421875
625 1056.38525390625
626 1121.568115234375
627 2721.92041015625
628 888.623046875
629 1368.49658203125
630 1797.89208984375
631 4816.19287109375
632 1407.215576171875
633 873.59326171875
634 912.210205078125
635 1655.98681640625
636 1391.761962890625
637 2423.490966796875
638 1006.058837890625
639 3122.302734375
640 3831.8759765625
641 1727.227294921875
642 1146.478271484375
643 960.39208984375
644 3019.023681640625
645 869.570556640625
646 4288.1533203125
647 1165.9541015625
648 3809.2822265625
649 1031.707763671875
650 2241.08447265625
651 1344.10791015625
652 873.249267578125
653 856.642333984375
654 1023.50146484375
655 1537.093017578125
656 2796.7314453125
657 1306.9013671875
658 866.688720703125
659 1854.634521484375
660 1069.570068359375
661 1583.7265625
662 1796.831298828125
663 1040.36669921875
664 1878.10888671875
665 946.958984375
666 1837.5205078125
667 1445.819580078125
668 894.841064453125
669 910.501953125
670 1880.2216796875
671 2456.985595703125
672 991.81298828125
673 1473.962158203125
674 888.884521484375
675 1334.006103515625
676 875.377197265625
677 850.879150390625
678 2390.6689453125
679 4983.56640625
680 1300.4638671875
681 3163.57177734375
682 1023.299560546875
683 846.994384765625
684 9514.62939453125
685 1264.81884765625
686 2719.94775390625
687 4233.821044921875
688 1057.668212890625
689 5057.16748046875
690 1883.958251953125
691 3669.09716796875
692 1101.320068359375
693 2011.347900390625
694 874.485595703125
695 1553.102294921875
696 1164.267578125
697 3762.689208984375
698 3124.439697265625
699 4352.302734375
700 2286.397705078125
