load 373.55419921875
301 108344.88330078125
302 1030.717529296875
303 564.12255859375
304 566.654541015625
305 613.282470703125
306 583.113037109375
307 796.98876953125
308 507.86279296875
309 523.332275390625
310 591.7041015625
311 810.222900390625
312 489.1826171875
313 489.795166015625
314 544.915283203125
315 521.112548828125
316 512.898681640625
317 492.429443359375
318 879.671630859375
319 921.252197265625
320 650.0322265625
321 652.070556640625
322 817.75927734375
323 554.12890625
324 678.078369140625
325 476.898193359375
326 474.22216796875
327 531.928955078125
328 472.26806640625
329 583.510498046875
330 556.902099609375
331 800.943115234375
332 620.196533203125
333 497.72705078125
334 656.926513671875
335 567.5869140625
336 606.365234375
337 472.35595703125
338 536.34326171875
339 539.673095703125
340 580.380859375
341 640.921142578125
342 545.29052734375
343 567.622314453125
344 519.972412109375
345 620.622314453125
346 600.109375
347 480.271484375
348 475.117919921875
349 469.845458984375
350 593.96923828125
351 518.096923828125
352 592.774169921875
353 563.794189453125
354 556.488525390625
355 546.257568359375
356 531.241943359375
357 609.3935546875
358 538.6376953125
359 646.181884765625
360 661.635498046875
361 500.255615234375
362 540.618896484375
363 554.34423828125
364 470.03564453125
365 537.583740234375
366 547.69775390625
367 481.99658203125
368 487.750732421875
369 462.09814453125
370 657.134033203125
371 584.68310546875
372 586.9658203125
373 598.583984375
374 537.13232421875
375 532.595703125
376 710.774169921875
377 483.511962890625
378 539.12548828125
379 477.023681640625
380 537.661865234375
381 547.472412109375
382 518.115966796875
383 545.201171875
384 565.677001953125
385 567.282470703125
386 565.486083984375
387 511.958251953125
388 599.631591796875
389 590.14306640625
390 521.810302734375
391 663.234375
392 480.203857421875
393 522.77392578125
394 710.509033203125
395 495.0283203125
396 592.466552734375
397 542.18896484375
398 581.837158203125
399 487.126953125
400 536.509033203125
401 712.211181640625
402 488.808349609375
403 464.701416015625
404 644.864501953125
405 543.06494140625
406 485.413818359375
407 534.80908203125
408 487.52490234375
409 551.355224609375
410 583.1123046875
411 488.01416015625
412 648.47021484375
413 641.497314453125
414 542.30224609375
415 535.315185546875
416 574.88232421875
417 480.697265625
418 531.31982421875
419 539.896484375
420 485.345947265625
421 801.042236328125
422 538.61279296875
423 482.09765625
424 477.6767578125
425 575.73388671875
426 616.8046875
427 551.32080078125
428 657.840087890625
429 493.1865234375
430 532.91796875
431 532.030029296875
432 557.097412109375
433 485.747314453125
434 558.009521484375
435 602.00927734375
436 523.8212890625
437 562.89892578125
438 667.989990234375
439 524.72216796875
440 534.7822265625
441 486.231201171875
442 610.4140625
443 622.414306640625
444 479.945556640625
445 525.266845703125
446 535.613037109375
447 535.277587890625
448 588.248291015625
449 476.399169921875
450 561.09619140625
601 562.530029296875
602 537.477294921875
603 545.927490234375
604 492.2880859375
605 692.50341796875
606 528.8798828125
607 583.258544921875
608 762.228271484375
609 539.6943359375
610 622.097412109375
611 559.780029296875
612 513.501953125
613 561.5458984375
614 471.76611328125
615 585.335693359375
616 516.38427734375
617 601.310302734375
618 525.994140625
619 490.888916015625
620 601.733642578125
621 563.472412109375
622 636.182861328125
623 543.749755859375
624 579.705078125
625 536.779296875
626 535.181640625
627 609.763427734375
628 488.7333984375
629 549.28662109375
630 570.686767578125
631 749.3916015625
632 564.7509765625
633 474.298095703125
634 524.248046875
635 579.733154296875
636 553.587890625
637 599.76220703125
638 522.919677734375
639 661.52490234375
640 688.184326171875
641 602.039794921875
642 533.9423828125
643 527.570068359375
644 629.78076171875
645 488.654541015625
646 696.31884765625
647 521.041015625
648 715.15478515625
649 522.52001953125
650 577.235107421875
651 538.7314453125
652 479.30908203125
653 485.975341796875
654 543.60595703125
655 551.44580078125
656 641.76416015625
657 569.955322265625
658 477.210205078125
659 581.99462890625
660 576.759033203125
661 555.605712890625
662 562.14453125
663 561.993896484375
664 606.8828125
665 525.6982421875
666 564.072021484375
667 538.7060546875
668 539.542724609375
669 523.759521484375
670 582.015380859375
671 603.242919921875
672 526.898193359375
673 545.693603515625
674 480.393798828125
675 546.85595703125
676 484.874267578125
677 486.165771484375
678 584.743896484375
679 748.9658203125
680 586.632568359375
681 652.4560546875
682 593.82177734375
683 476.864013671875
684 1287.50732421875
685 562.3583984375
686 589.762451171875
687 794.7978515625
688 519.76318359375
689 754.474853515625
690 588.182373046875
691 660.651123046875
692 536.998291015625
693 598.43115234375
694 477.40283203125
695 570.859375
696 540.945556640625
697 697.78857421875
698 627.140625
699 690.756103515625
700 574.333984375
