load 29.85546875
301 90895.271484375
302 1578.438232421875
303 1387.974853515625
304 1315.049072265625
305 1362.23095703125
306 1367.400390625
307 1394.899658203125
308 1303.21875
309 1354.358642578125
310 1344.208251953125
311 1380.454345703125
312 1282.238037109375
313 1274.752197265625
314 1318.114013671875
315 1347.212158203125
316 1300.262451171875
317 1348.924072265625
318 1372.35693359375
319 1440.791748046875
320 1311.22119140625
321 1335.534423828125
322 1354.510498046875
323 1323.380615234375
324 1351.6611328125
325 1329.07373046875
326 1318.753662109375
327 1306.527099609375
328 1334.8408203125
329 1351.056884765625
330 1312.497314453125
331 1378.18701171875
332 1337.890625
333 1271.947998046875
334 1373.15185546875
335 1358.29296875
336 1335.499755859375
337 1275.80126953125
338 1380.65234375
339 1335.214111328125
340 1331.541259765625
341 1337.266357421875
342 1299.0419921875
343 1304.767578125
344 1286.5390625
345 1319.356201171875
346 1307.125732421875
347 1296.15966796875
348 1275.171875
349 1258.842041015625
350 1322.714111328125
351 1301.2890625
352 1315.20166015625
353 1281.3359375
354 1309.3466796875
355 1311.794921875
356 1311.173583984375
357 1306.998291015625
358 1290.640869140625
359 1328.35107421875
360 1348.12255859375
361 1288.9833984375
362 1325.343017578125
363 1310.923828125
364 1287.299072265625
365 1291.54296875
366 1305.562744140625
367 1256.8173828125
368 1294.544921875
369 1303.859619140625
370 1352.54638671875
371 1322.232666015625
372 1333.590087890625
373 1321.508544921875
374 1313.2578125
375 1289.617919921875
376 1352.429443359375
377 1282.8984375
378 1303.33984375
379 1264.920166015625
380 1340.295654296875
381 1341.405517578125
382 1299.18408203125
383 1300.05908203125
384 1331.36376953125
385 1303.945068359375
386 1330.21533203125
387 1270.66748046875
388 1335.404052734375
389 1319.478515625
390 1312.337646484375
391 1334.8271484375
392 1270.175048828125
393 1309.15966796875
394 1344.742919921875
395 1296.44970703125
396 1314.257080078125
397 1313.076171875
398 1316.32373046875
399 1278.426513671875
400 1286.990234375
401 1342.729248046875
402 1274.129150390625
403 1266.4638671875
404 1346.90185546875
405 1304.763427734375
406 1282.11669921875
407 1276.087646484375
408 1268.668212890625
409 1334.864013671875
410 1327.205322265625
411 1285.431884765625
412 1332.210693359375
413 1332.920166015625
414 1296.912353515625
415 1294.5068359375
416 1305.945556640625
417 1273.230224609375
418 1297.743408203125
419 1289.333740234375
420 1271.856201171875
421 1352.648681640625
422 1302.431884765625
423 1306.817626953125
424 1274.86865234375
425 1332.18505859375
426 1311.480712890625
427 1327.6513671875
428 1334.884765625
429 1288.28125
430 1322.16259765625
431 1297.28955078125
432 1339.26953125
433 1280.6298828125
434 1314.58056640625
435 1331.16455078125
436 1302.58935546875
437 1322.2373046875
438 1366.4638671875
439 1289.454345703125
440 1332.3310546875
441 1311.617431640625
442 1318.828125
443 1323.12353515625
444 1294.917724609375
445 1307.474609375
446 1292.8642578125
447 1319.83154296875
448 1324.53125
449 1302.927001953125
450 1303.2275390625
601 1310.198486328125
602 1310.849365234375
603 1311.673095703125
604 1258.2861328125
605 1346.625244140625
606 1317.30615234375
607 1341.395263671875
608 1364.353759765625
609 1289.823974609375
610 1323.71240234375
611 1288.601806640625
612 1300.82080078125
613 1311.497314453125
614 1269.70703125
615 1320.076171875
616 1304.582763671875
617 1319.58349609375
618 1298.90576171875
619 1268.40576171875
620 1322.146728515625
621 1332.62744140625
622 1341.41748046875
623 1330.439453125
624 1331.43994140625
625 1300.832275390625
626 1311.7080078125
627 1307.697998046875
628 1262.308837890625
629 1299.26416015625
630 1325.763427734375
631 1375.6572265625
632 1335.429931640625
633 1286.263916015625
634 1299.017333984375
635 1292.08544921875
636 1313.97705078125
637 1313.54638671875
638 1281.233154296875
639 1343.851806640625
640 1342.630126953125
641 1314.402587890625
642 1306.96142578125
643 1304.712890625
644 1327.322265625
645 1274.131591796875
646 1364.70751953125
647 1323.78173828125
648 1355.885986328125
649 1297.826171875
650 1304.45947265625
651 1300.912841796875
652 1277.16015625
653 1271.642822265625
654 1303.754150390625
655 1321.68212890625
656 1320.318115234375
657 1302.447998046875
658 1258.553466796875
659 1303.36474609375
660 1330.74853515625
661 1327.267333984375
662 1307.937255859375
663 1321.638671875
664 1335.211181640625
665 1327.52001953125
666 1346.681396484375
667 1310.504150390625
668 1290.9150390625
669 1295.7998046875
670 1304.149169921875
671 1335.020751953125
672 1299.60400390625
673 1301.5498046875
674 1277.264404296875
675 1292.210693359375
676 1272.902587890625
677 1279.315673828125
678 1309.607421875
679 1353.82763671875
680 1346.614013671875
681 1339.276123046875
682 1344.684326171875
683 1292.61865234375
684 1487.822021484375
685 1340.684814453125
686 1307.303466796875
687 1345.553955078125
688 1288.729736328125
689 1357.105712890625
690 1329.095458984375
691 1369.14306640625
692 1306.070068359375
693 1326.731201171875
694 1280.37939453125
695 1308.724609375
696 1314.908203125
697 1386.97607421875
698 1336.37060546875
699 1364.4443359375
700 1334.05712890625
